function myMap = CmapPurple
   myMap = [
    
    1.0000    1.0000    1.0000
    0.9923    0.9851    0.9923
    0.9847    0.9701    0.9847
    0.9770    0.9552    0.9770
    0.9694    0.9402    0.9694
    0.9617    0.9253    0.9617
    0.9541    0.9104    0.9541
    0.9464    0.8954    0.9464
    0.9387    0.8805    0.9387
    0.9311    0.8655    0.9311
    0.9234    0.8506    0.9234
    0.9158    0.8357    0.9158
    0.9081    0.8207    0.9081
    0.9005    0.8058    0.9005
    0.8928    0.7908    0.8928
    0.8852    0.7759    0.8852
    0.8775    0.7610    0.8775
    0.8698    0.7460    0.8698
    0.8622    0.7311    0.8622
    0.8545    0.7162    0.8545
    0.8469    0.7012    0.8469
    0.8392    0.6863    0.8392
    0.8316    0.6713    0.8316
    0.8239    0.6564    0.8239
    0.8162    0.6415    0.8162
    0.8086    0.6265    0.8086
    0.8009    0.6116    0.8009
    0.7933    0.5966    0.7933
    0.7856    0.5817    0.7856
    0.7780    0.5668    0.7780
    0.7703    0.5518    0.7703
    0.7627    0.5369    0.7627
    0.7550    0.5219    0.7550
    0.7473    0.5070    0.7473
    0.7397    0.4921    0.7397
    0.7320    0.4771    0.7320
    0.7244    0.4622    0.7244
    0.7167    0.4472    0.7167
    0.7091    0.4323    0.7091
    0.7014    0.4174    0.7014
    0.6937    0.4024    0.6937
    0.6861    0.3875    0.6861
    0.6784    0.3725    0.6784
    0.6708    0.3576    0.6708
    0.6631    0.3427    0.6631
    0.6555    0.3277    0.6555
    0.6478    0.3128    0.6478
    0.6401    0.2979    0.6401
    0.6325    0.2829    0.6325
    0.6248    0.2680    0.6248
    0.6172    0.2530    0.6172
    0.6095    0.2381    0.6095
    0.6019    0.2232    0.6019
    0.5942    0.2082    0.5942
    0.5866    0.1933    0.5866
    0.5789    0.1783    0.5789
    0.5712    0.1634    0.5712
    0.5636    0.1485    0.5636
    0.5559    0.1335    0.5559
    0.5483    0.1186    0.5483
    0.5406    0.1036    0.5406
    0.5330    0.0887    0.5330
    0.5253    0.0738    0.5253
    0.5176    0.0588    0.5176];