function myMap = CmapGreen
   myMap = [
    1.0000    1.0000    1.0000
    0.9867    0.9902    0.9885
    0.9735    0.9805    0.9770
    0.9602    0.9707    0.9655
    0.9470    0.9609    0.9539
    0.9337    0.9511    0.9424
    0.9204    0.9414    0.9309
    0.9072    0.9316    0.9194
    0.8939    0.9218    0.9079
    0.8807    0.9120    0.8964
    0.8674    0.9023    0.8848
    0.8542    0.8925    0.8733
    0.8409    0.8827    0.8618
    0.8276    0.8730    0.8503
    0.8144    0.8632    0.8388
    0.8011    0.8534    0.8273
    0.7879    0.8436    0.8157
    0.7746    0.8339    0.8042
    0.7613    0.8241    0.7927
    0.7481    0.8143    0.7812
    0.7348    0.8045    0.7697
    0.7216    0.7948    0.7582
    0.7083    0.7850    0.7467
    0.6951    0.7752    0.7351
    0.6818    0.7655    0.7236
    0.6685    0.7557    0.7121
    0.6553    0.7459    0.7006
    0.6420    0.7361    0.6891
    0.6288    0.7264    0.6776
    0.6155    0.7166    0.6660
    0.6022    0.7068    0.6545
    0.5890    0.6970    0.6430
    0.5757    0.6873    0.6315
    0.5625    0.6775    0.6200
    0.5492    0.6677    0.6085
    0.5359    0.6580    0.5969
    0.5227    0.6482    0.5854
    0.5094    0.6384    0.5739
    0.4962    0.6286    0.5624
    0.4829    0.6189    0.5509
    0.4697    0.6091    0.5394
    0.4564    0.5993    0.5279
    0.4431    0.5895    0.5163
    0.4299    0.5798    0.5048
    0.4166    0.5700    0.4933
    0.4034    0.5602    0.4818
    0.3901    0.5505    0.4703
    0.3768    0.5407    0.4588
    0.3636    0.5309    0.4472
    0.3503    0.5211    0.4357
    0.3371    0.5114    0.4242
    0.3238    0.5016    0.4127
    0.3106    0.4918    0.4012
    0.2973    0.4820    0.3897
    0.2840    0.4723    0.3782
    0.2708    0.4625    0.3666
    0.2575    0.4527    0.3551
    0.2443    0.4430    0.3436
    0.2310    0.4332    0.3321
    0.2177    0.4234    0.3206
    0.2045    0.4136    0.3091
    0.1912    0.4039    0.2975
    0.1780    0.3941    0.2860
    0.1647    0.3843    0.2745];