function myMap = CmapBlue
   myMap = [
    
    1.0000    1.0000    1.0000
    0.9873    0.9873    1.0000
    0.9746    0.9746    1.0000
    0.9619    0.9619    1.0000
    0.9492    0.9492    1.0000
    0.9365    0.9365    1.0000
    0.9238    0.9238    1.0000
    0.9111    0.9111    1.0000
    0.8984    0.8984    1.0000
    0.8857    0.8857    1.0000
    0.8730    0.8730    1.0000
    0.8603    0.8603    1.0000
    0.8476    0.8476    1.0000
    0.8349    0.8349    1.0000
    0.8222    0.8222    1.0000
    0.8095    0.8095    1.0000
    0.7968    0.7968    1.0000
    0.7841    0.7841    1.0000
    0.7714    0.7714    1.0000
    0.7587    0.7587    1.0000
    0.7460    0.7460    1.0000
    0.7333    0.7333    1.0000
    0.7206    0.7206    1.0000
    0.7079    0.7079    1.0000
    0.6952    0.6952    1.0000
    0.6825    0.6825    1.0000
    0.6698    0.6698    1.0000
    0.6571    0.6571    1.0000
    0.6444    0.6444    1.0000
    0.6317    0.6317    1.0000
    0.6190    0.6190    1.0000
    0.6063    0.6063    1.0000
    0.5937    0.5937    1.0000
    0.5810    0.5810    1.0000
    0.5683    0.5683    1.0000
    0.5556    0.5556    1.0000
    0.5429    0.5429    1.0000
    0.5302    0.5302    1.0000
    0.5175    0.5175    1.0000
    0.5048    0.5048    1.0000
    0.4921    0.4921    1.0000
    0.4794    0.4794    1.0000
    0.4667    0.4667    1.0000
    0.4540    0.4540    1.0000
    0.4413    0.4413    1.0000
    0.4286    0.4286    1.0000
    0.4159    0.4159    1.0000
    0.4032    0.4032    1.0000
    0.3905    0.3905    1.0000
    0.3778    0.3778    1.0000
    0.3651    0.3651    1.0000
    0.3524    0.3524    1.0000
    0.3397    0.3397    1.0000
    0.3270    0.3270    1.0000
    0.3143    0.3143    1.0000
    0.3016    0.3016    1.0000
    0.2889    0.2889    1.0000
    0.2762    0.2762    1.0000
    0.2635    0.2635    1.0000
    0.2508    0.2508    1.0000
    0.2381    0.2381    1.0000
    0.2254    0.2254    1.0000
    0.2127    0.2127    1.0000
    0.2000    0.2000    1.0000 ];