function myMap = CmapRed
   myMap = [ 1.0000    1.0000    1.0000
    1.0000    0.9677    0.9677
    1.0000    0.9355    0.9355
    1.0000    0.9032    0.9032
    1.0000    0.8710    0.8710
    1.0000    0.8387    0.8387
    1.0000    0.8065    0.8065
    1.0000    0.7742    0.7742
    1.0000    0.7419    0.7419
    1.0000    0.7097    0.7097
    1.0000    0.6774    0.6774
    1.0000    0.6452    0.6452
    1.0000    0.6129    0.6129
    1.0000    0.5806    0.5806
    1.0000    0.5484    0.5484
    1.0000    0.5161    0.5161
    1.0000    0.4839    0.4839
    1.0000    0.4516    0.4516
    1.0000    0.4194    0.4194
    1.0000    0.3871    0.3871
    1.0000    0.3548    0.3548
    1.0000    0.3226    0.3226
    1.0000    0.2903    0.2903
    1.0000    0.2581    0.2581
    1.0000    0.2258    0.2258
    1.0000    0.1935    0.1935
    1.0000    0.1613    0.1613
    1.0000    0.1290    0.1290
    1.0000    0.0968    0.0968
    1.0000    0.0645    0.0645
    1.0000    0.0323    0.0323
    1.0000         0         0
    0.9844         0         0
    0.9688         0         0
    0.9531         0         0
    0.9375         0         0
    0.9219         0         0
    0.9062         0         0
    0.8906         0         0
    0.8750         0         0
    0.8594         0         0
    0.8438         0         0
    0.8281         0         0
    0.8125         0         0
    0.7969         0         0
    0.7812         0         0
    0.7656         0         0
    0.7500         0         0
    0.7344         0         0
    0.7188         0         0
    0.7031         0         0
    0.6875         0         0
    0.6719         0         0
    0.6562         0         0
    0.6406         0         0
    0.6250         0         0
    0.6094         0         0
    0.5938         0         0
    0.5781         0         0
    0.5625         0         0
    0.5469         0         0
    0.5312         0         0
    0.5156         0         0
    0.5000         0         0];