function mymap = myCmap1()

mymap = [       0    0.4471    0.7412
    0.0323    0.4649    0.7495
    0.0645    0.4827    0.7579
    0.0968    0.5006    0.7662
    0.1290    0.5184    0.7746
    0.1613    0.5362    0.7829
    0.1935    0.5541    0.7913
    0.2258    0.5719    0.7996
    0.2581    0.5898    0.8080
    0.2903    0.6076    0.8163
    0.3226    0.6254    0.8247
    0.3548    0.6433    0.8330
    0.3871    0.6611    0.8414
    0.4194    0.6789    0.8497
    0.4516    0.6968    0.8581
    0.4839    0.7146    0.8664
    0.5161    0.7324    0.8748
    0.5484    0.7503    0.8831
    0.5806    0.7681    0.8915
    0.6129    0.7860    0.8998
    0.6452    0.8038    0.9082
    0.6774    0.8216    0.9165
    0.7097    0.8395    0.9249
    0.7419    0.8573    0.9332
    0.7742    0.8751    0.9416
    0.8065    0.8930    0.9499
    0.8387    0.9108    0.9583
    0.8710    0.9287    0.9666
    0.9032    0.9465    0.9750
    0.9355    0.9643    0.9833
    0.9677    0.9822    0.9917
    1.0000    1.0000    1.0000
    1.0000    1.0000    1.0000
    0.9952    0.9782    0.9709
    0.9904    0.9565    0.9418
    0.9856    0.9347    0.9127
    0.9808    0.9130    0.8836
    0.9760    0.8912    0.8545
    0.9712    0.8694    0.8254
    0.9664    0.8477    0.7963
    0.9615    0.8259    0.7672
    0.9567    0.8042    0.7381
    0.9519    0.7824    0.7090
    0.9471    0.7607    0.6799
    0.9423    0.7389    0.6509
    0.9375    0.7171    0.6218
    0.9327    0.6954    0.5927
    0.9279    0.6736    0.5636
    0.9231    0.6519    0.5345
    0.9183    0.6301    0.5054
    0.9135    0.6083    0.4763
    0.9087    0.5866    0.4472
    0.9039    0.5648    0.4181
    0.8991    0.5431    0.3890
    0.8942    0.5213    0.3599
    0.8894    0.4996    0.3308
    0.8846    0.4778    0.3017
    0.8798    0.4560    0.2726
    0.8750    0.4343    0.2435
    0.8702    0.4125    0.2144
    0.8654    0.3908    0.1853
    0.8606    0.3690    0.1562
    0.8558    0.3472    0.1271
    0.8510    0.3255    0.0980];
end